10 15 15 15 13 8 8 4 4 4 4 4 4 8 10 15 13 8 4 4 4 8 10 15 13 8 8 8 4 4 4 4 4 0 0 0 0 0 0 0 0 0 0 0 0 0 0 0 0 0 
9 14 14 14 14 15 15 13 8 4 4 4 8 10 14 14 14 13 8 8 8 10 14 14 14 15 13 8 8 8 4 4 4 0 0 0 0 0 0 0 0 0 0 0 0 0 0 0 0 0 
9 14 14 14 14 14 14 14 14 13 8 10 15 14 14 14 14 14 15 15 15 14 14 18 14 14 14 15 15 13 8 4 4 0 0 0 0 0 0 0 0 0 0 0 0 0 0 0 0 0
9 14 14 14 14 14 14 14 14 14 15 14 14 14 14 14 14 14 14 14 14 18 14 18 14 18 18 14 14 14 13 8 4 0 0 0 0 0 0 0 0 0 0 0 0 0 0 0 0 0
9 14 14 14 14 14 14 14 14 14 14 14 14 14 14 14 14 14 14 14 14 14 14 14 14 14 14 14 14 14 11 8 4 0 0 0 0 0 0 0 0 0 0 0 0 0 0 0 0 0
9 14 14 14 14 14 14 14 14 14 14 14 14 14 14 14 14 14 14 14 14 1 1 1 1 1 1 1 14 11 8 8 4 0 0 0 0 0 0 0 0 0 0 0 0 0 0 0 0 0
9 14 14 14 14 14 14 14 14 14 14 14 14 14 14 14 14 14 14 14 14 1 1 1 1 1 1 1 12 8 8 4 4 0 0 0 0 0 0 0 0 0 0 0 0 0 0 0 0 0
9 14 14 14 14 14 14 14 14 14 14 14 14 14 14 14 14 14 14 14 14 0 0 0 0 2 2 2 12 8 4 4 4 0 0 0 0 0 0 0 0 0 0 0 0 0 0 0 0 0
9 14 14 14 14 14 14 14 14 14 14 14 14 14 14 14 14 14 14 14 14 0 0 0 0 2 2 2 12 8 8 4 4 0 0 0 0 0 0 0 0 0 0 0 0 0 0 0 0 0
9 14 18 14 18 14 14 14 14 14 14 14 14 14 14 14 14 14 14 14 18 14 14 14 14 14 14 18 14 13 8 4 4 0 0 0 0 0 0 0 0 0 0 0 0 0 0 0 0 0 
6 14 14 18 14 14 14 14 14 14 14 14 14 14 14 14 14 14 14 14 14 14 14 14 14 14 14 14 14 14 13 8 4 0 0 0 0 0 0 0 0 0 0 0 0 0 0 0 0 0 
8 6 14 18 14 14 14 14 14 14 14 14 14 14 14 14 14 14 14 14 14 14 14 14 14 14 14 14 14 14 11 8 8 0 0 0 0 0 0 0 0 0 0 0 0 0 0 0 0 0
4 8 9 14 14 14 14 14 14 14 14 14 14 14 14 14 14 14 14 14 14 14 14 14 14 14 14 14 14 12 8 8 8 0 0 0 0 0 0 0 0 0 0 0 0 0 0 0 0 0
4 8 9 14 14 14 14 14 14 14 14 14 14 14 14 14 14 14 14 14 14 14 14 14 14 14 14 14 14 12 8 8 8 0 0 0 0 0 0 0 0 0 0 0 0 0 0 0 0 0
4 4 6 14 14 14 14 14 14 14 14 14 14 14 14 14 14 14 14 14 14 14 14 14 14 14 14 14 14 14 13 8 8 0 0 0 0 0 0 0 0 0 0 0 0 0 0 0 0 0
4 4 8 9 14 14 14 14 14 14 14 14 14 14 14 14 14 14 14 14 14 14 14 14 14 14 14 14 14 14 12 8 8 0 0 0 0 0 0 0 0 0 0 0 0 0 0 0 0 0
4 4 10 14 14 14 14 14 14 14 14 14 14 14 14 14 14 14 14 14 14 14 14 14 14 14 14 14 14 14 11 8 8 0 0 0 0 0 0 0 0 0 0 0 0 0 0 0 0 0
4 8 9 14 14 14 14 14 14 14 14 14 14 14 14 14 14 14 14 14 14 14 14 14 14 14 14 14 14 12 8 8 8 0 0 0 0 0 0 0 0 0 0 0 0 0 0 0 0 0
8 10 14 14 18 14 14 14 14 14 14 14 14 14 14 14 14 14 14 14 14 14 14 14 14 14 14 14 14 14 13 8 8 0 0 0 0 0 0 0 0 0 0 0 0 0 0 0 0 0
10 14 18 18 14 14 14 14 14 14 14 14 14 14 14 14 14 14 14 14 14 14 14 14 14 14 14 14 14 14 14 13 8 0 0 0 0 0 0 0 0 0 0 0 0 0 0 0 0 0
6 14 18 14 14 14 14 14 14 14 14 14 14 14 14 14 14 14 14 14 14 14 14 14 14 14 14 14 14 14 14 12 8 0 0 0 0 0 0 0 0 0 0 0 0 0 0 0 0 0
8 6 14 14 18 14 14 14 14 14 14 14 14 14 14 14 14 14 14 14 14 14 14 14 14 14 14 14 14 14 14 14 13 0 0 0 0 0 0 0 0 0 0 0 0 0 0 0 0 0
4 8 6 14 14 14 14 14 14 14 14 14 14 14 14 14 14 14 14 14 14 14 14 14 14 14 14 14 14 14 14 14 12 0 0 0 0 0 0 0 0 0 0 0 0 0 0 0 0 0
4 4 8 9 14 14 14 14 14 14 14 14 14 14 14 14 14 14 14 14 14 14 14 14 14 14 14 14 14 14 14 14 12 0 0 0 0 0 0 0 0 0 0 0 0 0 0 0 0 0
4 4 10 14 14 14 14 14 14 14 14 14 14 14 14 14 14 14 14 14 14 14 14 14 14 14 14 14 14 14 14 14 12 0 0 0 0 0 0 0 0 0 0 0 0 0 0 0 0 0
4 8 9 14 14 14 14 14 14 14 14 14 14 14 14 14 14 14 14 14 14 14 14 14 14 14 14 14 14 14 14 18 12 0 0 0 0 0 0 0 0 0 0 0 0 0 0 0 0 0
8 10 14 18 14 14 14 14 14 14 14 14 14 14 14 14 14 14 14 14 14 14 14 14 14 14 14 14 14 14 18 18 11 0 0 0 0 0 0 0 0 0 0 0 0 0 0 0 0 0
10 14 18 14 14 14 14 14 14 14 14 14 14 14 14 14 14 14 14 14 14 14 14 14 14 14 14 14 14 14 14 12 8 0 0 0 0 0 0 0 0 0 0 0 0 0 0 0 0 0
9 14 14 14 14 14 14 14 14 14 14 14 14 14 14 14 14 14 14 14 14 14 14 14 14 14 14 14 14 14 14 12 8 0 0 0 0 0 0 0 0 0 0 0 0 0 0 0 0 0
9 5 5 5 5 14 14 18 14 14 18 14 14 14 14 14 14 14 14 14 18 14 14 77 14 14 14 14 14 14 7 11 8 0 0 0 0 0 0 0 0 0 0 0 0 0 0 0 0 0
9 5 5 5 5 14 14 14 14 18 14 14 18 14 18 14 18 14 14 18 14 14 14 78 18 18 18 14 7 11 8 8 8 0 0 0 0 0 0 0 0 0 0 0 0 0 0 0 0 0
9 5 5 5 5 14 14 18 14 14 14 14 14 14 14 18 14 14 14 14 14 14 14 14 18 14 14 11 8 8 8 8 8 8 0 0 0 0 0 0 0 0 0 0 0 0 0 0 0 0
6 7 7 7 7 7 7 7 7 7 7 7 7 7 7 7 7 7 7 7 7 7 7 7 7 7 11 8 8 8 8 8 8 0 0 0 0 0 0 0 0 0 0 0 0 0 0 0 0 0
1 1 1 1 1 1 1 1 1 1 1 1 1 1 1 1 0 0 0 0 0 0 0 0 0 0 0 0 0 0 0 0 0 0 0 0 0 0 0 0 0 0 0 0 0 0 0 0 0 0